1667882740.806248,0
1667882740.912165,20
1667882741.017828,19
1667882741.123945,20
1667882741.228786,17
1667882741.335115,15
1667882741.439845,14
1667882741.546523,15
1667882741.651523,15
1667882741.756833,16
1667882741.860565,19
1667882741.965869,16
1667882742.073631,13
1667882742.178468,13
1667882742.284987,15
1667882742.389827,11
1667882742.495701,17
1667882742.602547,20
1667882742.708012,18
1667882742.820043,18
1667882742.926278,7
1667882743.032183,8
1667882743.139690,18
1667882743.246330,19
1667882743.353278,19
1667882743.457779,3
1667882743.563081,5
1667882743.668849,7
1667882743.774007,7
1667882743.879042,9
1667882743.984177,10
1667882744.092723,11
1667882744.199939,10
1667882744.305284,11
1667882744.409318,12
1667882744.513461,16
1667882744.618323,19
1667882744.722769,15
1667882744.832910,10
1667882744.937536,19
1667882745.043924,1
1667882745.150571,4
1667882745.256898,6
1667882745.362895,7
1667882745.470219,20
1667882745.575807,19
1667882745.680726,14
1667882745.786727,5
1667882745.891694,6
1667882745.996940,7
1667882746.101408,9
1667882746.206193,10
1667882746.311035,10
1667882746.416122,12
1667882746.520939,12
1667882746.626028,12
1667882746.733287,13
1667882746.837964,14
1667882746.945331,13
1667882747.052925,19
1667882747.158925,18
1667882747.263996,13
1667882747.368542,10
1667882747.473501,12
1667882747.579342,13
1667882747.685453,15
1667882747.790421,11
1667882747.896443,16
1667882748.002816,8
1667882748.110798,5
1667882748.216764,19
1667882748.321332,18
1667882748.426550,3
1667882748.531706,5
1667882748.639100,8
1667882748.744236,9
1667882748.848840,9
1667882748.952959,11
1667882749.062817,10
1667882749.169961,11
1667882749.276789,11
1667882749.381417,12
1667882749.486469,13
1667882749.591312,14
1667882749.695450,16
1667882749.799536,19
1667882749.903655,10
1667882750.009002,9
1667882750.113817,11
1667882750.218691,20
1667882750.322977,19
1667882750.430848,11
1667882750.537523,20
1667882750.642422,4
1667882750.747942,4
1667882750.859870,4
1667882750.965006,7
1667882751.069415,7
1667882751.175065,9
1667882751.280380,9
1667882751.385716,12
1667882751.490736,13
1667882751.595151,12
1667882751.703103,19
1667882751.806728,20
1667882751.912470,17
1667882752.019124,11
1667882752.123996,11
1667882752.228877,13
1667882752.335031,12
1667882752.439981,18
1667882752.546279,20
1667882752.651256,19
1667882752.755687,9
1667882752.863692,19
1667882752.969507,0
1667882753.077334,3
1667882753.191499,6
1667882753.301398,4
1667882753.416774,8
1667882753.523085,9
1667882753.628853,11
1667882753.734360,11
1667882753.839292,11
1667882753.946861,12
1667882754.053024,14
1667882754.159106,14
1667882754.267591,13
1667882754.373505,17
1667882754.482001,11
1667882754.587092,10
1667882754.691878,12
1667882754.796677,13
1667882754.903434,13
1667882755.008827,14
1667882755.114410,13
1667882755.229904,20
1667882755.335044,18
1667882755.440577,17
1667882755.546571,7
1667882755.652965,19
1667882755.759240,19
1667882755.864594,3
1667882755.969065,5
1667882756.074310,6
1667882756.179013,7
1667882756.283730,9
1667882756.389204,10
1667882756.495231,10
1667882756.599749,10
1667882756.705210,12
1667882756.810377,13
1667882756.919171,14
1667882757.023491,14
1667882757.127901,19
1667882757.233585,19
1667882757.338995,7
1667882757.444233,10
1667882757.552904,14
1667882757.656775,20
1667882757.760960,0
1667882757.866654,2
1667882757.972359,8
1667882758.077062,13
1667882758.181988,20
1667882758.290522,7
1667882758.397932,6
1667882758.503642,4
1667882758.610253,8
1667882758.716237,7
1667882758.821789,9
1667882758.928595,10
1667882759.033707,11
1667882759.138473,12
1667882759.244131,12
1667882759.349014,13
1667882759.459030,13
1667882759.563972,15
1667882759.672840,15
1667882759.777123,19
1667882759.882125,11
1667882759.989369,10
1667882760.094473,13
1667882760.200100,12
1667882760.306112,15
1667882760.413442,19
1667882760.518531,19
1667882760.626635,19
1667882760.735950,17
1667882760.842180,9
1667882760.946997,16
1667882761.053013,19
1667882761.157330,20
1667882761.263031,3
1667882761.368194,4
1667882761.473900,9
1667882761.594749,7
1667882761.699178,8
1667882761.809739,7
1667882761.918618,9
1667882762.027822,9
1667882762.134189,10
1667882762.242937,11
1667882762.349994,12
1667882762.455990,13
1667882762.561738,19
1667882762.667804,18
1667882762.773007,12
1667882762.878102,14
1667882762.983080,16
1667882763.088531,10
1667882763.193474,19
1667882763.298652,18
1667882763.406848,13
1667882763.512633,18
1667882763.619458,2
1667882763.724530,3
1667882763.829119,10
1667882763.934971,7
1667882764.040212,7
1667882764.146198,8
1667882764.250384,10
1667882764.355456,10
1667882764.460754,10
1667882764.566613,11
1667882764.673307,12
1667882764.780014,13
1667882764.888660,13
1667882764.993852,20
1667882765.104083,19
1667882765.339432,13
1667882765.453016,9
1667882765.563299,13
1667882765.669100,20
1667882765.774279,17
1667882765.880056,7
1667882765.985150,8
1667882766.092921,11
1667882766.198544,17
1667882766.304156,20
1667882766.408678,17
1667882766.513572,3
1667882766.619869,5
1667882766.725606,6
1667882766.833650,8
1667882766.940088,7
1667882767.046505,8
1667882767.152421,9
1667882767.259822,11
1667882767.364219,13
1667882767.469365,14
1667882767.574328,20
1667882767.679936,19
1667882767.785389,12
1667882767.891266,8
1667882767.996584,15
1667882768.101137,15
1667882768.206216,1
1667882768.310008,4
1667882768.414609,7
1667882768.520140,20
1667882768.625082,20
1667882768.729896,17
1667882768.835619,5
1667882768.940965,7
1667882769.046591,7
1667882769.151102,7
1667882769.257122,9
1667882769.361479,10
1667882769.466205,11
1667882769.570391,12
1667882769.676405,12
1667882769.783225,13
1667882769.889724,14
1667882770.000568,15
1667882770.110485,20
1667882770.216159,16
1667882770.320543,5
1667882770.425034,8
1667882770.529894,11
1667882770.634239,16
1667882770.739815,19
1667882770.846900,20
1667882770.953655,12
1667882771.057853,20
1667882771.161931,16
1667882771.269440,3
1667882771.376838,4
1667882771.482389,6
1667882771.588455,8
1667882771.693983,9
1667882771.801365,10
1667882771.905533,11
1667882772.013941,12
1667882772.117475,12
1667882772.221823,13
1667882772.326801,15
1667882772.431744,15
1667882772.537447,17
1667882772.642521,13
1667882772.747812,13
1667882772.853396,14
1667882772.958933,15
1667882773.069521,11
1667882773.174306,20
1667882773.279225,19
1667882773.384484,17
1667882773.495637,0
1667882773.600608,19
1667882773.706425,2
1667882773.812284,1
1667882773.920660,5
1667882774.030747,5
1667882774.136340,6
1667882774.241211,9
1667882774.345854,9
1667882774.458733,11
1667882774.563413,11
1667882774.670127,12
1667882774.776250,13
1667882774.882820,15
1667882774.987221,15
1667882775.094783,16
1667882775.200200,20
1667882775.305358,10
1667882775.411227,12
1667882775.515457,14
1667882775.619349,12
1667882775.725512,19
1667882775.831310,19
1667882775.937528,20
1667882776.043570,8
1667882776.148051,7
1667882776.253922,4
1667882776.358233,5
1667882776.466203,8
1667882776.569915,6
1667882776.674764,8
1667882776.778839,9
1667882776.886304,10
1667882776.990545,11
1667882777.094765,13
1667882777.200136,14
1667882777.317579,14
1667882777.423000,14
1667882777.530180,16
1667882777.634940,18
1667882777.741674,10
1667882777.846389,9
1667882777.950654,11
1667882778.061288,11
1667882778.167343,14
1667882778.271776,15
1667882778.376670,13
1667882778.484004,17
1667882778.590557,12
1667882778.694615,13
1667882778.799783,9
1667882778.907342,19
1667882779.014247,19
1667882779.119798,20
1667882779.225066,7
1667882779.329486,8
1667882779.434868,9
1667882779.539961,9
1667882779.646039,10
1667882779.752519,10
1667882779.857950,11
1667882779.963852,12
1667882780.069481,13
1667882780.173651,13
1667882780.278519,14
1667882780.385041,13
1667882780.496133,14
1667882780.601599,19
1667882780.707161,14
1667882780.813744,9
1667882780.919196,11
1667882781.024894,13
1667882781.129068,14
1667882781.234119,15
1667882781.339508,16
1667882781.445228,17
1667882781.552711,14
1667882781.657990,12
1667882781.762380,14
1667882781.867755,13
1667882781.971935,18
1667882782.079186,20
1667882782.184354,17
1667882782.289868,3
1667882782.394591,4
1667882782.499353,6
1667882782.607464,8
1667882782.712981,8
1667882782.818298,8
1667882782.923638,9
1667882783.029453,10
1667882783.135294,11
1667882783.245249,12
1667882783.354125,19
1667882783.460118,18
1667882783.567480,16
1667882783.672771,8
1667882783.778326,14
1667882783.886135,20
1667882783.991822,20
1667882784.096621,4
1667882784.202956,6
1667882784.308494,15
1667882784.414396,20
1667882784.519507,20
1667882784.624506,4
1667882784.729047,6
1667882784.833491,7
1667882784.938611,8
1667882785.044814,9
1667882785.157860,9
1667882785.263644,10
1667882785.368792,11
1667882785.475083,12
1667882785.579511,12
1667882785.684896,20
1667882785.789560,19
1667882785.895455,19
1667882786.002349,4
1667882786.108100,19
1667882786.212219,20
1667882786.318103,2
1667882786.423997,4
1667882786.532339,6
1667882786.637563,20
1667882786.741487,19
1667882786.845715,3
1667882786.951631,3
1667882787.057304,6
1667882787.162366,6
1667882787.266914,7
1667882787.371791,9
1667882787.476864,9
1667882787.582761,10
1667882787.687554,11
1667882787.795541,13
1667882787.899762,18
1667882788.006912,10
1667882788.112852,11
1667882788.218307,13
1667882788.324070,8
1667882788.433127,19
1667882788.538945,20
1667882788.645232,20
1667882788.750277,5
1667882788.855064,20
1667882788.959102,1
1667882789.063378,3
1667882789.167989,4
1667882789.273709,6
1667882789.379414,7
1667882789.492906,7
1667882789.599397,10
1667882789.707231,10
1667882789.811452,11
1667882789.917237,11
1667882790.022216,13
1667882790.130143,13
1667882790.237397,15
1667882790.384826,20
1667882790.499851,16
1667882790.604821,6
1667882790.709848,8
1667882790.815349,11
1667882790.919637,20
1667882791.023633,19
1667882791.128516,3
1667882791.233726,15
1667882791.338484,20
1667882791.443729,7
1667882791.548591,3
1667882791.654223,4
1667882791.758502,7
1667882791.863248,7
1667882791.968307,9
1667882792.075023,10
1667882792.180717,10
1667882792.285879,11
1667882792.390917,12
1667882792.496633,12
1667882792.601442,12
1667882792.713045,14
1667882792.819486,20
1667882792.925482,13
1667882793.031125,9
1667882793.135978,11
1667882793.241724,14
1667882793.348292,20
1667882793.455546,16
1667882793.561259,3
1667882793.667472,5
1667882793.776086,8
1667882793.881399,19
1667882793.986159,18
1667882794.091091,19
1667882794.195045,10
1667882794.299284,11
1667882794.403615,11
1667882794.508550,12
1667882794.613547,13
1667882794.719061,14
1667882794.824246,14
1667882794.929168,14
1667882795.034436,15
1667882795.139423,16
1667882795.246860,17
1667882795.354681,17
1667882795.458977,19
1667882795.563412,19
1667882795.667512,11
1667882795.771969,13
1667882795.876745,14
1667882795.981167,15
1667882796.088644,16
1667882796.202290,17
1667882796.307798,17
1667882796.412894,17
1667882796.522658,19
1667882796.627470,19
1667882796.731470,12
1667882796.835792,20
1667882796.940237,6
1667882797.048397,3
1667882797.154249,5
1667882797.260312,7
1667882797.365554,8
1667882797.470807,8
1667882797.575871,10
1667882797.680043,10
1667882797.784986,12
1667882797.893046,12
1667882797.998570,13
1667882798.103017,15
1667882798.212621,16
1667882798.317774,18
1667882798.425525,16
1667882798.535047,10
1667882798.639953,11
1667882798.747503,13
1667882798.852186,14
1667882798.956023,15
1667882799.061119,12
1667882799.165627,17
1667882799.271825,11
1667882799.379979,12
1667882799.484297,12
1667882799.588285,14
1667882799.693938,19
1667882799.798635,20
1667882799.904316,2
1667882800.007926,3
1667882800.112686,5
1667882800.217841,8
1667882800.329000,9
1667882800.433991,10
1667882800.539693,8
1667882800.645240,9
1667882800.749613,11
1667882800.857107,12
1667882800.963626,12
1667882801.068667,19
1667882801.174533,14
1667882801.279135,12
1667882801.384862,7
1667882801.489320,17
1667882801.594125,19
1667882801.698208,3
1667882801.802930,5
1667882801.913593,16
1667882802.023655,14
1667882802.127257,20
1667882802.231174,19
1667882802.338562,1
1667882802.444158,4
1667882802.549694,5
1667882802.655623,8
1667882802.759638,9
1667882802.865113,9
1667882802.976577,10
1667882803.080926,11
1667882803.186833,12
1667882803.292353,13
1667882803.399087,12
1667882803.502960,14
1667882803.609243,16
1667882803.714208,20
1667882803.822453,16
1667882803.927351,11
1667882804.032186,12
1667882804.139196,14
1667882804.245072,10
1667882804.349863,19
1667882804.454964,18
1667882804.560127,14
1667882804.668221,19
1667882804.772828,18
1667882804.878691,1
1667882804.984500,3
1667882805.090999,8
1667882805.197787,6
1667882805.303904,8
1667882805.410651,9
1667882805.515974,9
1667882805.620532,12
1667882805.726956,12
1667882805.832330,12
1667882805.937567,14
1667882806.044018,14
1667882806.156651,15
1667882806.260838,20
1667882806.368019,13
1667882806.473667,5
1667882806.579114,8
1667882806.684697,9
1667882806.789909,16
1667882806.896629,19
1667882807.001241,17
1667882807.108839,5
1667882807.213711,5
1667882807.318601,14
1667882807.423705,19
1667882807.529793,19
1667882807.635400,19
1667882807.746350,3
1667882807.852960,6
1667882807.958345,6
1667882808.062610,7
1667882808.166451,10
1667882808.271709,10
1667882808.377148,10
1667882808.483898,11
1667882808.590942,11
1667882808.695366,13
1667882808.799037,12
1667882808.904587,14
1667882809.011320,18
1667882809.116361,15
1667882809.220483,12
1667882809.327055,14
1667882809.431176,14
1667882809.535134,12
1667882809.640323,19
1667882809.746997,19
1667882809.852072,14
1667882809.959194,12
1667882810.063572,20
1667882810.169976,3
1667882810.276340,3
1667882810.381322,8
1667882810.487784,8
1667882810.592960,8
1667882810.698379,10
1667882810.803774,11
1667882810.910517,12
1667882811.015938,10
1667882811.120516,11
1667882811.225272,13
1667882811.331532,12
1667882811.439016,14
1667882811.544121,18
1667882811.649305,16
1667882811.755121,13
1667882811.859931,15
1667882811.966613,10
1667882812.073201,20
1667882812.179218,15
1667882812.283988,1
1667882812.401207,4
1667882812.506634,8
1667882812.611866,18
1667882812.717746,19
1667882812.823414,20
1667882812.928428,1
1667882813.034016,3
1667882813.139003,6
1667882813.244920,5
1667882813.349830,7
1667882813.454483,9
1667882813.559864,10
1667882813.664877,9
1667882813.769291,11
1667882813.875258,11
1667882813.980240,13
1667882814.086407,14
1667882814.194196,14
1667882814.299263,18
1667882814.405226,14
1667882814.518581,12
1667882814.629705,15
1667882814.733643,11
1667882814.839213,20
1667882814.945630,20
1667882815.052717,9
1667882815.158435,16
1667882815.263551,3
1667882815.369051,6
1667882815.474700,10
1667882815.578845,6
1667882815.684031,8
1667882815.788995,9
1667882815.894916,10
1667882816.009465,11
1667882816.115409,11
1667882816.219572,13
1667882816.325640,12
1667882816.429719,14
1667882816.544693,16
1667882816.649903,19
1667882816.759361,12
1667882816.866472,12
1667882816.970752,14
1667882817.076411,15
1667882817.182265,11
1667882817.288541,19
1667882817.393668,11
1667882817.498736,13
1667882817.603378,11
1667882817.709208,20
1667882817.813836,20
1667882817.919171,10
1667882818.024065,3
1667882818.128962,5
1667882818.234303,6
1667882818.339003,7
1667882818.443861,9
1667882818.548707,9
1667882818.654251,10
1667882818.759793,10
1667882818.865199,12
1667882818.971495,13
1667882819.076999,14
1667882819.181704,13
1667882819.287231,17
1667882819.392139,13
1667882819.497091,9
1667882819.607614,13
1667882819.712569,20
1667882819.825309,19
1667882819.929806,11
1667882820.036214,20
1667882820.143053,20
1667882820.249082,3
1667882820.354512,5
1667882820.459525,6
1667882820.563425,7
1667882820.668461,8
1667882820.772643,9
1667882820.877901,10
1667882820.982934,11
1667882821.089056,11
1667882821.194510,12
1667882821.299495,20
1667882821.403604,19
1667882821.512078,19
1667882821.620083,9
1667882821.729184,5
1667882821.835748,20
1667882822.078752,18
1667882822.292586,3
1667882822.401386,5
1667882822.506473,7
1667882822.615280,9
1667882822.722231,20
1667882822.826971,19
1667882822.934956,19
1667882823.041817,18
1667882823.149544,2
1667882823.263357,4
1667882823.381430,5
1667882823.488940,6
1667882823.611348,5
1667882823.728007,8
1667882823.917027,8
1667882824.050837,11
1667882824.158254,11
1667882824.264032,19
1667882824.367808,10
1667882824.473344,12
1667882824.578905,14
1667882824.685833,18
1667882824.805778,20
1667882824.935806,16
1667882825.048796,2
1667882825.154169,5
1667882825.258445,13
1667882825.364045,20
1667882825.468458,20
1667882825.578113,3
1667882825.685258,3
1667882825.794928,6
1667882825.901805,6
1667882826.007681,8
1667882826.120326,8
1667882826.237300,10
1667882826.342722,11
1667882826.449313,12
1667882826.557922,12
1667882826.668462,19
1667882826.773153,12
1667882826.879171,11
1667882826.990958,13
1667882827.101610,9
1667882827.210786,18
1667882827.319584,18
1667882827.428791,17
1667882827.541086,4
1667882827.646933,6
1667882827.751139,7
1667882827.857542,19
1667882827.983332,20
1667882828.099314,11
1667882828.207793,5
1667882828.312632,5
1667882828.420800,7
1667882828.528742,8
1667882828.637168,9
1667882828.755065,11
1667882828.867845,10
1667882828.987332,11
1667882829.093561,11
1667882829.199092,19
1667882829.304986,20
1667882829.411213,15
1667882829.516513,6
1667882829.622377,20
1667882829.727933,19
1667882829.832290,2
1667882829.938552,5
1667882830.046227,8
1667882830.153644,16
1667882830.259222,20
1667882830.364588,19
1667882830.472803,3
1667882830.577740,5
1667882830.685026,4
1667882830.793261,7
1667882830.913293,8
1667882831.018244,9
1667882831.123000,10
1667882831.228330,11
1667882831.332630,12
1667882831.437436,12
1667882831.541606,13
1667882831.647873,14
1667882831.756123,19
1667882831.860157,19
1667882831.965658,10
1667882832.070933,13
1667882832.175716,14
1667882832.280092,15
1667882832.384850,17
1667882832.488772,18
1667882832.593186,20
1667882832.699358,12
1667882832.804756,19
1667882832.909773,3
1667882833.030640,4
1667882833.139224,6
1667882833.245005,6
1667882833.348846,7
1667882833.453910,10
1667882833.560777,10
1667882833.665856,12
1667882833.771002,13
1667882833.876186,13
1667882833.981149,14
1667882834.085731,14
1667882834.190931,19
1667882834.303502,14
1667882834.408831,8
1667882834.520942,9
1667882834.626247,13
1667882834.736263,20
1667882834.841336,20
1667882834.948855,3
1667882835.055100,14
1667882835.171053,19
1667882835.288774,0
1667882835.395173,3
1667882835.500601,12
1667882835.606204,5
1667882835.711771,6
1667882835.819956,7
1667882835.927935,9
1667882836.035984,9
1667882836.191345,9
1667882836.299562,11
1667882836.405451,13
1667882836.511182,14
1667882836.622343,17
1667882836.728148,6
1667882836.839124,7
1667882836.948319,9
1667882837.052773,12
1667882837.159557,19
1667882837.265230,19
1667882837.385147,3
1667882837.493087,19
1667882837.599295,19
1667882837.705061,3
1667882837.816823,5
1667882837.924096,6
1667882838.030947,7
1667882838.136317,7
1667882838.241035,10
1667882838.345899,11
1667882838.450116,12
1667882838.554894,13
1667882838.659692,12
1667882838.765017,13
1667882838.870403,14
1667882838.983270,14
1667882839.088986,19
1667882839.196755,12
1667882839.301853,6
1667882839.407396,9
1667882839.518963,7
1667882839.625486,20
1667882839.732094,19
1667882839.839832,0
1667882839.945162,18
1667882840.050546,2
1667882840.155964,5
1667882840.260071,7
1667882840.365203,7
1667882840.469991,10
1667882840.574930,9
1667882840.679146,11
1667882840.783002,12
1667882840.888091,13
1667882840.992185,14
1667882841.097485,14
1667882841.203082,11
1667882841.307632,0
1667882841.414538,19
1667882841.519470,0
1667882841.627617,0
1667882841.738483,0
1667882841.843702,13
1667882841.947700,0
1667882842.053994,0
1667882842.159641,1
1667882842.267180,5
1667882842.372894,0
1667882842.478118,0
1667882842.583097,0
1667882842.688364,0
1667882842.798367,0
1667882842.902322,0
1667882843.011575,0
1667882843.118144,0
1667882843.223161,0
